453 692 581 481 46 770 209 620 0 262 139 347 445 61 547 
671 477 308 348 737 566 117 189 17 225 10 788 646 421 40 
525 646 234 0 282 791 382 440 79 753 153 872 581 32 296 
72 496 380 820 119 595 890 189 929 798 285 238 655 733 0 
498 70 671 108 440 862 332 533 289 210 714 802 421 0 920 
231 247 108 382 625 872 791 289 173 75 445 572 0 728 806 
6 426 482 933 0 798 655 75 332 57 267 147 859 64 537 
806 186 633 53 371 74 547 482 18 227 770 289 731 0 57 
131 74 225 461 886 313 737 250 332 806 655 0 72 595 434 
308 53 802 139 347 525 584 633 429 209 314 0 890 234 743 
131 214 639 566 371 511 356 434 900 296 426 96 46 802 0 
17 518 445 871 104 391 0 194 733 826 262 788 314 572 544 
533 716 380 211 646 0 784 214 453 608 791 153 282 64 886 
282 54 211 723 153 391 820 48 445 584 6 250 898 70 498 
390 548 325 445 848 569 920 743 173 655 194 429 79 285 0 
