856 21 595 226 920 247 427 773 120 1004 665 523 335 706 95 
35 689 487 955 570 419 294 900 595 92 251 4 124 204 730 
0 349 842 756 620 294 134 241 639 54 178 125 706 430 167 
659 94 392 418 367 628 985 871 264 0 449 565 76 145 172 
0 264 773 204 1001 207 293 639 561 69 15 145 171 435 623 
689 532 907 434 802 997 0 47 345 392 261 156 49 273 245 
247 8 882 773 921 721 421 174 1001 0 155 499 65 349 623 
427 808 665 519 330 171 695 418 95 284 73 561 252 790 0 
406 0 430 856 207 251 773 620 89 695 120 349 160 951 523 
882 335 730 572 920 92 49 514 188 805 69 74 245 0 414 
961 124 159 986 294 595 0 46 237 514 434 370 900 805 773 
487 190 263 0 871 545 785 35 20 330 705 836 94 426 628 
419 370 836 21 940 293 164 898 749 524 125 226 629 20 68 
0 785 273 8 309 414 188 128 993 576 654 392 899 519 51 
212 0 349 159 666 263 49 1004 951 545 155 95 749 595 477 
