184 343 1224 1054 515 640 983 918 420 299 593 0 85 704 426 828 401 531 761 233 
203 267 1140 484 1182 0 88 1075 841 667 1239 110 571 993 743 352 920 3 46 246 
158 565 417 399 877 240 117 70 1194 87 1034 107 316 752 486 424 680 800 971 0 
0 266 590 448 863 772 296 39 32 480 18 420 75 87 456 124 432 986 321 306 
716 993 0 469 297 1058 631 135 51 342 688 938 747 186 1237 176 824 235 424 564 
800 321 640 186 576 149 0 96 399 870 447 592 743 85 1133 51 531 228 920 22 
1075 32 933 779 515 278 37 360 590 117 1155 87 876 72 993 430 105 257 0 730 
1237 824 429 193 134 772 59 720 1155 97 107 170 533 33 263 79 391 0 496 325 
733 581 82 1027 106 392 69 625 546 801 56 974 877 1052 349 209 122 263 179 0 
246 823 48 306 191 146 0 981 611 496 540 1113 56 1019 909 448 688 1231 1190 387 
905 97 592 0 193 174 720 753 232 1075 515 841 1120 614 417 798 698 772 372 299 
184 625 124 69 18 359 540 714 801 1075 51 922 483 82 993 0 856 191 447 289 
183 1099 117 511 41 823 454 65 401 677 1189 958 483 761 321 3 631 0 1034 137 
74 642 953 166 599 1075 359 546 766 456 106 343 251 312 134 0 619 240 183 704 
690 953 0 1075 628 1266 576 150 81 257 1171 1038 79 488 345 764 391 203 93 876 
715 680 0 938 74 495 52 599 46 1182 1099 150 297 366 488 900 1041 870 214 772 
193 106 920 480 149 1251 432 1019 865 33 700 625 1166 221 55 301 1041 543 766 1104 
432 214 920 59 798 174 82 584 65 462 166 1140 863 0 753 342 515 677 110 1156 
688 321 1038 102 472 543 190 235 214 0 983 91 150 195 345 221 436 865 628 135 
150 700 221 387 1306 0 779 72 1035 1170 486 117 586 278 332 1104 840 1224 974 316 
