346 806 461 1140 192 313 1051 519 0 99 603 167 393 264 657 775 850 914 710 1272 
293 1171 592 75 454 0 1311 1102 1021 560 924 1370 4 832 497 54 148 704 393 207 
77 447 0 914 193 249 358 187 1169 1076 621 33 542 777 958 90 704 275 710 233 
85 1031 33 14 749 1110 955 358 259 1338 0 1200 578 402 177 877 219 54 505 473 
1222 0 223 151 311 512 54 449 148 574 31 744 469 131 826 72 1099 74 62 380 
325 388 850 1054 705 1230 264 0 796 85 459 603 958 1140 136 100 177 1360 6 1281 
693 343 465 401 914 77 1334 14 875 833 1029 482 586 196 768 1199 519 167 0 271 
78 776 13 0 1320 914 39 578 343 659 227 1146 493 1228 175 69 90 412 1077 984 
221 1360 1262 826 313 645 557 16 383 88 747 0 225 705 1077 191 461 914 110 100 
1069 505 75 534 1205 869 807 110 0 698 325 152 1287 143 282 662 1360 196 402 610 
669 1306 131 6 401 783 557 0 534 259 916 79 191 169 1044 585 832 433 98 984 
1289 505 645 916 75 693 1102 315 147 1031 744 560 392 447 0 349 845 1230 219 886 
100 505 281 410 151 298 604 783 241 999 668 170 813 357 705 26 1173 896 226 194 
110 633 1000 0 1069 783 1205 542 296 1289 99 1140 63 685 282 194 402 877 924 332 
897 1317 1099 322 506 840 125 170 790 0 311 433 249 389 1204 1002 621 50 285 177 
620 289 26 588 449 298 147 346 155 398 110 680 871 1044 955 233 1016 506 0 785 
886 88 924 188 147 349 1199 807 777 507 685 604 151 410 31 225 1051 1140 973 1281 
1171 966 1031 402 465 62 292 869 929 5 1250 610 332 1311 754 181 57 190 538 152 
0 69 317 147 996 334 388 1105 659 730 936 1031 157 249 192 538 845 806 292 592 
1000 75 507 143 4 633 256 1360 466 730 610 1054 225 574 1277 1222 330 1125 242 285 
