98 848 147 126 169 400 926 695 463 751 416 0 522 585 269 
23 249 360 735 621 155 549 103 80 456 240 332 930 0 808 
366 422 507 554 836 586 735 189 667 798 0 845 301 267 103 
4 261 751 82 191 877 152 507 697 51 360 848 619 554 955 
271 484 63 695 637 106 240 147 0 343 896 836 324 984 552 
219 149 715 519 82 374 697 447 235 587 0 326 887 271 845 
51 380 871 347 116 436 914 303 586 40 0 808 261 102 986 
137 422 234 4 673 80 587 522 400 462 324 914 361 126 0 
549 306 422 0 447 361 86 744 380 176 848 137 155 986 522 
234 40 675 400 466 299 962 751 548 106 365 795 152 650 240 
657 189 553 380 836 879 137 329 439 51 43 146 271 735 337 
176 327 657 0 793 220 463 283 156 494 404 366 79 598 51 
979 0 152 361 809 896 303 484 404 310 650 715 552 63 219 
249 137 299 455 539 269 673 142 86 361 321 833 751 166 0 
672 149 166 798 4 712 243 811 877 374 462 0 271 76 553 
