816 238 1271 661 337 204 139 725 1114 0 1042 104 79 507 961 65 897 621 556 441 
172 905 1274 1185 0 992 962 654 735 268 75 833 1344 513 484 582 314 1093 373 39 
144 816 911 278 375 0 26 564 415 1089 61 322 598 995 463 157 357 1194 723 254 
1113 1234 672 183 816 356 981 1313 0 567 164 728 1353 214 446 278 104 509 471 86 
172 125 37 279 388 819 27 629 866 1094 462 306 432 677 1334 256 512 552 0 709 
243 172 60 433 100 679 519 730 0 567 1043 948 1258 735 54 1142 861 338 600 1319 
443 561 223 625 476 1099 905 689 243 51 89 862 10 365 322 752 156 293 39 1195 
4 862 646 237 1030 337 833 30 1093 738 96 683 556 248 15 0 78 1189 961 1250 
528 27 684 268 366 306 410 1122 1023 516 100 493 959 863 166 463 0 552 1223 536 
748 711 679 489 293 959 536 27 139 1056 830 4 392 1280 446 1202 86 214 1156 907 
641 528 1041 441 242 1398 55 26 981 282 373 606 183 0 1275 864 782 1079 948 115 
352 1042 76 993 492 25 564 1185 679 0 1232 1097 183 125 751 907 820 433 256 649 
848 322 41 702 302 612 144 492 403 244 666 809 1046 92 907 172 1343 521 0 27 
813 262 679 981 1099 45 314 997 227 554 0 748 236 1182 1088 139 389 625 905 484 
600 512 166 683 94 307 30 349 0 257 1193 1195 356 392 981 415 728 1118 338 1046 
993 270 570 914 37 962 133 0 738 519 148 1193 94 175 439 119 307 824 244 352 
410 0 78 462 61 144 621 1097 307 1346 903 500 205 997 366 1178 1275 248 825 730 
0 820 740 443 204 148 403 1267 328 1036 1053 629 1143 948 570 157 507 906 79 365 
1101 1158 219 43 1236 751 422 622 830 911 1041 516 270 0 702 987 307 53 159 92 
159 641 409 1234 570 291 97 1195 884 51 127 813 1096 476 213 1140 709 1346 277 0 
