929 398 303 177 772 480 81 198 867 0 982 629 532 705 373 
978 681 0 141 350 107 465 230 722 367 929 53 541 595 654 
772 583 230 871 63 156 110 469 136 398 0 132 307 205 79 
0 183 670 598 264 480 370 287 337 404 730 89 853 117 506 
603 267 547 296 110 33 587 369 812 736 494 465 0 76 169 
165 373 274 678 0 522 624 156 97 803 144 821 409 908 491 
350 883 249 622 803 0 76 398 49 61 1006 726 288 504 149 
853 364 45 612 77 283 517 0 654 982 469 165 821 8 730 
38 532 108 274 369 855 641 953 506 777 9 0 469 62 177 
404 325 934 626 218 852 77 97 720 0 178 183 442 805 541 
33 325 247 572 736 48 0 185 107 445 918 363 121 641 533 
838 821 307 547 217 595 972 35 20 896 678 374 121 486 409 
178 517 0 679 132 918 455 726 803 357 995 603 870 97 267 
49 821 0 28 504 681 374 940 455 218 281 260 587 770 141 
861 812 486 0 720 168 48 94 626 572 136 337 934 303 427 
