116 862 144 283 227 174 0 260 408 623 53 708 166 330 100 
179 704 239 775 543 848 337 0 279 96 36 436 66 302 466 
209 704 992 960 523 265 0 545 58 171 623 789 396 144 874 
743 140 239 969 65 436 876 494 915 29 354 0 798 560 634 
117 27 354 635 296 152 0 471 65 950 862 236 230 792 408 
550 354 160 960 83 179 263 478 227 55 396 592 670 0 745 
790 578 209 418 27 69 451 180 314 13 634 252 675 59 873 
831 751 544 138 0 151 183 397 634 691 336 462 74 374 134 
69 611 950 354 564 126 209 33 430 718 272 176 27 798 0 
36 275 930 74 330 544 454 500 647 0 806 594 848 150 196 
134 418 500 359 592 272 858 634 743 212 584 708 642 36 0 
700 125 0 409 745 300 100 330 151 175 642 461 558 499 255 
700 874 270 180 337 969 89 632 775 564 183 408 466 0 96 
558 670 675 146 89 713 330 270 279 466 230 975 408 0 584 
718 775 212 0 560 632 277 832 59 108 911 55 466 792 314 
