73 406 679 331 177 148 484 273 537 785 583 880 0 707 132 
396 630 561 157 487 77 230 957 866 701 538 378 462 601 0 
572 487 775 880 698 406 822 247 707 628 325 0 85 666 161 
240 429 701 798 600 287 352 105 0 54 946 399 868 175 528 
378 561 267 0 432 351 78 682 202 787 114 940 318 870 528 
934 867 237 264 950 189 423 42 532 692 327 613 114 453 0 
628 768 247 837 0 290 42 490 519 13 180 409 679 170 114 
734 237 537 8 814 180 423 627 157 77 204 341 302 137 23 
723 509 428 564 232 126 880 368 779 946 150 0 85 308 401 
386 432 572 170 641 0 396 334 723 108 44 971 236 83 912 
866 784 650 145 480 978 114 472 0 412 137 204 734 287 78 
126 366 662 23 564 0 247 264 308 798 75 328 487 170 428 
0 399 867 331 462 75 170 630 787 934 334 273 532 698 189 
247 267 166 947 190 272 83 161 378 508 429 469 822 0 292 
386 484 703 0 236 104 202 345 308 768 13 329 568 662 868 
