306 768 587 359 994 158 210 814 0 406 72 922 676 520 113 
340 0 288 912 262 163 745 821 631 197 478 113 59 397 135 
0 855 623 320 533 116 165 63 242 784 721 200 444 549 51 
491 0 326 195 720 580 84 788 289 415 638 104 237 132 834 
84 407 479 116 0 745 922 649 269 151 368 59 236 950 331 
284 515 44 113 399 882 196 156 728 0 380 569 248 656 18 
331 784 237 437 355 520 912 841 648 276 569 160 92 0 660 
0 549 754 840 428 347 236 92 160 721 784 882 128 95 648 
62 545 594 863 648 958 437 288 784 210 354 428 520 0 113 
926 761 648 384 197 840 572 139 0 57 134 168 964 269 487 
623 574 961 195 326 104 306 279 18 658 494 897 57 399 163 
289 347 855 128 533 435 364 0 518 922 209 623 32 148 754 
631 820 491 273 63 196 0 154 320 720 596 397 1001 62 932 
40 574 494 135 660 46 0 419 864 821 273 522 148 364 743 
545 649 864 78 165 333 818 419 596 950 758 248 0 44 1000 
