33 1068 381 598 16 82 422 937 234 186 265 493 282 787 677 230 0 929 146 858 
1121 652 547 122 735 42 17 57 388 963 1039 467 1239 282 792 200 890 157 25 257 
125 284 90 827 578 845 439 422 23 563 960 98 339 66 484 765 683 1039 0 214 
712 8 931 248 832 344 493 428 45 621 229 455 38 267 66 524 1170 298 115 214 
1103 755 495 265 553 685 1001 1058 601 822 155 72 360 115 918 204 183 0 220 428 
432 143 502 104 268 1067 82 25 291 695 582 792 1213 188 840 234 946 339 1001 0 
98 181 1261 1 856 208 755 988 765 496 588 414 931 186 1058 432 0 691 375 337 
599 976 213 495 0 924 298 552 740 288 181 444 92 33 1055 42 54 361 324 413 
234 214 146 522 428 17 1067 704 963 916 331 863 1116 378 0 650 109 777 302 1011 
623 704 14 151 119 530 388 0 32 109 787 1028 302 436 863 252 552 912 1177 1121 
142 262 339 979 195 77 231 104 918 782 0 599 844 475 684 397 173 502 566 1080 
122 386 1041 58 609 685 895 97 304 214 642 1234 329 172 740 45 979 511 859 0 
183 766 157 0 487 968 378 657 72 284 574 1027 895 1117 428 61 337 138 515 712 
823 547 767 77 0 1143 336 8 1234 621 883 61 207 119 490 1069 150 90 433 268 
182 650 381 0 588 244 1131 1224 563 735 890 329 144 96 1178 988 771 1069 366 476 
673 0 1170 460 601 870 302 61 1043 142 800 537 745 333 324 1049 244 998 1087 150 
74 413 859 433 664 1058 252 642 360 1239 883 177 691 92 595 1148 11 777 496 288 
23 77 467 0 767 619 152 1085 232 428 96 136 914 344 974 677 845 268 403 566 
52 711 901 0 35 1179 140 182 2 486 435 319 326 14 155 122 268 595 371 304 
220 397 54 840 537 623 1235 291 336 0 1041 590 695 1131 901 74 1148 138 476 582 
