0.012346
0.004115
0.001372
0.000457
0.000152
0.000051
0.000017
0.000006
0.000002
[(0.012346, [(1222.86, 1084), (1221.88, 1084), (1221.04, 1084), (1220.01, 1084), (1219.10, 1084), (1218.27, 1084), (1217.37, 1084), (1216.23, 1084), (1215.28, 1084), (1214.38, 1084), (1213.54, 1084), (1212.46, 1084), (1211.74, 1084), (1210.89, 1084), (1210.02, 1084), (1209.27, 1084), (1208.47, 1084), (1207.86, 1084), (1207.06, 1084), (1206.41, 1084), (1205.69, 1084), (1204.84, 1084), (1203.92, 1084), (1203.15, 1084), (1202.55, 1084), (1201.82, 1084), (1200.97, 1084), (1200.19, 1084), (1199.45, 1084), (1198.82, 1084), (1198.22, 1084), (1197.66, 1084), (1196.97, 1084), (1196.36, 1084), (1195.61, 1084), (1195.10, 1084), (1194.48, 1084), (1193.85, 1084), (1193.06, 1084), (1192.52, 1076), (1191.96, 1076), (1191.33, 1076), (1190.81, 1076), (1190.08, 1076), (1189.63, 1076), (1189.17, 1076), (1188.74, 1076), (1188.41, 1076), (1187.73, 1074), (1187.26, 1074), (1186.49, 1074), (1185.96, 1074), (1185.32, 1074), (1184.78, 1074), (1184.12, 1074), (1183.57, 1074), (1183.09, 1074), (1182.70, 1074), (1182.14, 1074), (1181.61, 1074), (1180.95, 1074), (1180.47, 1074), (1180.13, 1074), (1179.77, 1074), (1179.15, 1074), (1178.83, 1074), (1178.22, 1074), (1177.82, 1074), (1177.49, 1074), (1177.17, 1074), (1176.82, 1074), (1176.46, 1074), (1176.06, 1074), (1175.75, 1074), (1175.27, 1057), (1174.85, 1057), (1174.42, 1057), (1173.95, 1057), (1173.51, 1057), (1173.09, 1057), (1172.77, 1057), (1172.35, 1057), (1172.08, 1057), (1171.80, 1057), (1171.48, 1057), (1171.07, 1057), (1170.67, 1057), (1170.37, 1057), (1169.88, 1057), (1169.45, 1057), (1169.23, 1057), (1168.91, 1057), (1168.69, 1057), (1168.37, 1057), (1168.04, 1057), (1167.88, 1057), (1167.62, 1057), (1167.40, 1057), (1167.13, 1057), (1166.86, 1057), (1166.56, 1057), (1166.25, 1057), (1165.97, 1057), (1165.67, 1057), (1165.27, 1057), (1164.95, 1057), (1164.70, 1057), (1164.36, 1057), (1164.17, 1057), (1163.81, 1057), (1163.44, 1056), (1163.24, 1056), (1163.10, 1056), (1162.75, 1056), (1162.57, 1056), (1162.36, 1056), (1162.18, 1056), (1161.98, 1056), (1161.81, 1056), (1161.55, 1056), (1161.36, 1056), (1161.19, 1056), (1160.97, 1056), (1160.80, 1056), (1160.60, 1056), (1160.39, 1056), (1160.26, 1056), (1160.10, 1056), (1159.89, 1056), (1159.74, 1056), (1159.49, 1056), (1159.13, 1056), (1158.86, 1056), (1158.77, 1056), (1158.48, 1056), (1158.35, 1056), (1158.13, 1056), (1157.98, 1056), ]
),
(0.004115, [(1223.13, 1080), (1222.10, 1080), (1220.79, 1080), (1219.58, 1080), (1218.49, 1080), (1217.69, 1080), (1216.57, 1080), (1215.57, 1080), (1214.62, 1080), (1213.77, 1080), (1212.68, 1080), (1211.86, 1080), (1211.13, 1080), (1210.41, 1080), (1209.41, 1080), (1208.51, 1080), (1207.73, 1080), (1206.75, 1080), (1206.20, 1080), (1205.48, 1080), (1204.68, 1080), (1203.92, 1080), (1203.12, 1080), (1202.33, 1080), (1201.57, 1080), (1200.81, 1080), (1200.15, 1080), (1199.51, 1080), (1198.58, 1080), (1197.79, 1080), (1196.90, 1080), (1196.35, 1080), (1195.62, 1080), (1194.94, 1080), (1194.11, 1080), (1193.53, 1080), (1192.63, 1079), (1192.10, 1079), (1191.63, 1079), (1191.22, 1079), (1190.80, 1079), (1190.31, 1079), (1189.81, 1079), (1189.03, 1079), (1188.56, 1079), (1187.96, 1079), (1187.37, 1079), (1186.57, 1079), (1186.10, 1079), (1185.74, 1079), (1185.08, 1079), (1184.36, 1079), (1183.95, 1079), (1183.35, 1079), (1182.84, 1079), (1182.48, 1079), (1182.12, 1079), (1181.45, 1079), (1180.95, 1079), (1180.37, 1079), (1179.91, 1079), (1179.46, 1079), (1179.02, 1079), (1178.57, 1079), (1177.98, 1079), (1177.53, 1079), (1176.97, 1079), (1176.58, 1079), (1176.20, 1079), (1175.81, 1079), (1175.50, 1079), (1175.20, 1079), (1174.68, 1079), (1174.20, 1079), (1173.61, 1068), (1173.26, 1068), (1172.96, 1068), (1172.49, 1068), (1172.20, 1068), (1171.90, 1068), (1171.47, 1068), (1171.08, 1068), (1170.81, 1068), (1170.57, 1068), (1170.11, 1068), (1169.79, 1068), (1169.46, 1068), (1169.12, 1068), (1168.87, 1068), (1168.54, 1068), (1168.26, 1068), (1168.02, 1068), (1167.75, 1068), (1167.44, 1068), (1167.05, 1068), (1166.73, 1068), (1166.49, 1068), (1166.19, 1068), (1165.92, 1068), (1165.69, 1068), (1165.39, 1068), (1165.08, 1068), (1164.74, 1068), (1164.42, 1068), (1164.20, 1068), (1164.02, 1068), (1163.73, 1068), (1163.44, 1068), (1163.10, 1068), (1162.74, 1068), (1162.41, 1068), (1162.11, 1068), (1161.81, 1068), (1161.59, 1068), (1161.33, 1068), (1161.05, 1068), (1160.79, 1068), (1160.56, 1068), (1160.35, 1068), (1160.07, 1068), (1159.85, 1068), (1159.50, 1068), (1159.37, 1068), (1159.18, 1068), (1159.01, 1068), (1158.86, 1068), (1158.66, 1068), (1158.40, 1068), (1158.15, 1068), (1158.00, 1068), (1157.80, 1068), (1157.67, 1068), (1157.40, 1068), (1156.97, 1068), (1156.73, 1068), (1156.49, 1068), (1156.36, 1068), (1156.02, 1068), (1155.82, 1068), (1155.53, 1068), (1155.34, 1068), (1155.15, 1068), (1154.95, 1068), (1154.78, 1068), (1154.51, 1068), (1154.24, 1068), (1153.98, 1068), (1153.89, 1068), (1153.77, 1068), (1153.61, 1068), (1153.40, 1068), (1153.20, 1068), (1152.94, 1068), (1152.79, 1068), ]
),
(0.001372, [(1222.47, 1070), (1221.34, 1070), (1220.14, 1070), (1218.99, 1070), (1217.99, 1070), (1217.16, 1070), (1216.40, 1070), (1215.42, 1070), (1214.48, 1070), (1213.63, 1070), (1212.72, 1070), (1211.84, 1070), (1210.83, 1070), (1209.83, 1070), (1209.02, 1070), (1208.28, 1070), (1207.42, 1070), (1206.71, 1070), (1206.07, 1070), (1205.27, 1070), (1204.63, 1070), (1203.75, 1070), (1202.81, 1070), (1202.16, 1070), (1201.27, 1070), (1200.57, 1070), (1199.85, 1070), (1199.12, 1070), (1198.53, 1070), (1197.90, 1070), (1197.28, 1070), (1196.70, 1070), (1196.09, 1070), (1195.46, 1070), (1194.95, 1070), (1194.17, 1070), (1193.76, 1070), (1193.25, 1070), (1192.59, 1070), (1192.03, 1070), (1191.24, 1070), (1190.60, 1070), (1189.84, 1070), (1189.39, 1070), (1188.93, 1070), (1188.46, 1070), (1187.84, 1070), (1187.33, 1070), (1186.75, 1070), (1186.14, 1070), (1185.57, 1070), (1185.03, 1070), (1184.80, 1070), (1184.25, 1070), (1183.90, 1070), (1183.41, 1070), (1183.02, 1070), (1182.51, 1070), (1182.02, 1070), (1181.66, 1070), (1181.32, 1070), (1181.00, 1070), (1180.41, 1070), (1180.00, 1070), (1179.49, 1070), (1178.98, 1070), (1178.54, 1070), (1178.24, 1070), (1177.89, 1070), (1177.44, 1070), (1177.13, 1070), (1176.80, 1070), (1176.47, 1070), (1175.92, 1070), (1175.54, 1070), (1175.14, 1070), (1174.67, 1070), (1174.42, 1070), (1173.99, 1070), (1173.68, 1070), (1173.31, 1070), (1173.01, 1070), (1172.64, 1070), (1172.41, 1070), (1172.19, 1070), (1171.69, 1070), (1171.41, 1070), (1171.02, 1070), (1170.52, 1070), (1170.22, 1070), (1169.98, 1070), (1169.63, 1070), (1169.32, 1070), (1169.08, 1070), (1168.72, 1070), (1168.43, 1070), (1168.11, 1070), (1167.77, 1070), (1167.50, 1070), (1167.23, 1070), (1166.99, 1070), (1166.63, 1070), (1166.47, 1070), (1166.19, 1070), (1165.92, 1070), (1165.65, 1070), (1165.29, 1070), (1165.05, 1070), (1164.78, 1070), (1164.60, 1070), (1164.19, 1070), (1163.95, 1070), (1163.66, 1070), (1163.34, 1070), (1162.94, 1070), (1162.71, 1070), (1162.41, 1070), (1162.13, 1070), (1161.91, 1070), (1161.67, 1070), (1161.48, 1070), (1161.23, 1070), (1160.90, 1070), (1160.68, 1070), (1160.39, 1070), (1160.17, 1070), (1159.92, 1070), (1159.76, 1070), (1159.57, 1070), (1159.35, 1070), (1159.08, 1070), (1158.81, 1070), (1158.48, 1070), (1158.27, 1070), (1158.15, 1070), (1157.91, 1070), (1157.61, 1070), (1157.45, 1070), (1157.25, 1070), (1157.03, 1070), (1156.72, 1070), (1156.51, 1070), (1156.32, 1070), (1156.17, 1070), (1155.96, 1070), (1155.63, 1070), (1155.43, 1070), (1155.25, 1070), (1155.07, 1070), (1154.83, 1070), (1154.63, 1070), (1154.36, 1070), (1154.20, 1070), (1153.98, 1070), (1153.75, 1070), (1153.59, 1070), (1153.37, 1070), (1153.10, 1070), (1152.98, 1070), (1152.77, 1070), (1152.57, 1070), (1152.39, 1070), (1152.29, 1070), (1152.10, 1070), (1151.92, 1070), (1151.73, 1070), (1151.60, 1070), (1151.48, 1070), (1151.30, 1070), (1151.02, 1070), (1150.91, 1070), (1150.77, 1070), (1150.44, 1070), (1150.26, 1070), (1150.17, 1070), (1150.02, 1070), (1149.90, 1070), (1149.74, 1070), (1149.66, 1070), (1149.51, 1070), (1149.31, 1070), (1149.20, 1070), (1149.07, 1070), (1148.90, 1070), (1148.78, 1070), (1148.60, 1070), ]
),
(0.000457, [(1222.17, 1055), (1221.00, 1055), (1220.00, 1055), (1218.89, 1055), (1218.11, 1055), (1217.26, 1055), (1216.37, 1055), (1215.24, 1055), (1214.20, 1055), (1213.43, 1055), (1212.56, 1055), (1211.70, 1055), (1210.56, 1055), (1209.75, 1055), (1208.99, 1055), (1208.09, 1055), (1207.35, 1055), (1206.51, 1055), (1205.77, 1055), (1204.84, 1055), (1203.84, 1055), (1202.99, 1055), (1202.00, 1055), (1201.18, 1055), (1200.30, 1055), (1199.58, 1055), (1199.16, 1055), (1198.62, 1055), (1197.91, 1055), (1197.16, 1055), (1196.45, 1055), (1195.86, 1055), (1195.22, 1055), (1194.58, 1055), (1194.12, 1055), (1193.60, 1055), (1192.92, 1055), (1192.13, 1055), (1191.55, 1055), (1191.14, 1055), (1190.34, 1055), (1189.76, 1055), (1189.23, 1055), (1188.59, 1055), (1187.85, 1055), (1187.19, 1055), (1186.58, 1055), (1185.91, 1055), (1185.26, 1055), (1184.73, 1055), (1184.38, 1055), (1183.79, 1055), (1183.38, 1055), (1182.91, 1055), (1182.51, 1055), (1182.00, 1055), (1181.68, 1055), (1181.24, 1055), (1180.64, 1055), (1180.20, 1055), (1179.79, 1055), (1179.46, 1055), (1179.15, 1055), (1178.89, 1055), (1178.34, 1055), (1178.01, 1055), (1177.67, 1055), (1176.98, 1055), (1176.47, 1055), (1176.15, 1055), (1175.77, 1055), (1175.44, 1055), (1175.15, 1055), (1174.74, 1055), (1174.25, 1055), (1173.85, 1055), (1173.46, 1055), (1173.02, 1055), (1172.75, 1025), (1172.39, 1025), (1172.00, 1025), (1171.59, 1025), (1171.31, 1025), (1170.90, 1025), (1170.51, 1025), (1170.13, 1025), (1169.74, 1025), (1169.40, 1025), (1169.02, 1025), (1168.64, 1025), (1168.34, 1025), (1167.99, 1025), (1167.60, 1025), (1167.18, 1025), (1166.93, 1025), (1166.61, 1025), (1166.26, 1025), (1165.95, 1025), (1165.60, 1025), (1165.34, 1025), (1165.10, 1025), (1164.87, 1025), (1164.71, 1025), (1164.35, 1025), (1164.09, 1025), (1163.81, 1025), (1163.52, 1025), (1163.14, 1025), (1162.91, 1025), (1162.66, 1025), (1162.48, 1025), (1162.20, 1025), (1161.84, 1025), (1161.59, 1025), (1161.43, 1025), (1161.23, 1025), (1160.98, 1025), (1160.69, 1025), (1160.41, 1025), (1160.10, 1025), (1159.82, 1025), (1159.47, 1025), (1159.25, 1025), (1159.10, 1025), (1158.81, 1025), (1158.65, 1025), (1158.33, 1025), (1158.08, 1025), (1157.81, 1025), (1157.63, 1025), (1157.34, 1025), (1157.24, 1025), (1157.03, 1025), (1156.74, 1025), (1156.47, 1025), (1156.31, 1025), (1156.13, 1025), (1156.00, 1025), (1155.75, 1025), (1155.58, 1025), (1155.49, 1025), (1155.33, 1025), (1155.17, 1025), (1154.99, 1025), (1154.75, 1025), ]
),
(0.000152, [(1223.19, 1082), (1222.20, 1082), (1220.95, 1082), (1220.13, 1082), (1218.99, 1082), (1218.15, 1082), (1217.36, 1082), (1216.55, 1082), (1215.58, 1082), (1214.33, 1082), (1213.41, 1082), (1212.30, 1082), (1211.62, 1082), (1210.57, 1082), (1209.66, 1082), (1208.89, 1082), (1208.18, 1082), (1207.41, 1082), (1206.51, 1082), (1205.61, 1082), (1204.81, 1082), (1203.85, 1082), (1203.18, 1082), (1202.49, 1082), (1201.49, 1082), (1200.59, 1082), (1199.80, 1082), (1199.02, 1082), (1198.39, 1082), (1197.68, 1081), (1197.24, 1081), (1196.58, 1081), (1195.80, 1081), (1195.19, 1081), (1194.58, 1081), (1193.78, 1081), (1193.06, 1081), (1192.26, 1081), (1191.83, 1081), (1191.06, 1081), (1190.27, 1081), (1189.65, 1081), (1189.23, 1081), (1188.65, 1081), (1187.93, 1081), (1187.31, 1081), (1186.99, 1081), (1186.37, 1081), (1185.66, 1070), (1185.06, 1070), (1184.34, 1070), (1183.82, 1070), (1183.08, 1070), (1182.35, 1070), (1181.89, 1070), (1181.36, 1070), (1181.05, 1070), (1180.47, 1070), (1179.99, 1070), (1179.39, 1070), (1178.82, 1070), (1178.32, 1070), (1177.94, 1070), (1177.42, 1070), (1177.02, 1070), (1176.55, 1070), (1176.10, 1070), (1175.75, 1070), (1175.58, 1070), (1175.07, 1070), (1174.54, 1070), (1174.24, 1070), (1173.83, 1070), (1173.45, 1070), (1173.11, 1070), (1172.76, 1067), (1172.49, 1067), (1171.97, 1067), (1171.50, 1067), (1171.20, 1067), (1170.89, 1067), (1170.63, 1067), (1170.33, 1067), (1170.04, 1067), (1169.80, 1067), (1169.41, 1067), (1168.97, 1067), (1168.69, 1067), (1168.30, 1063), (1168.13, 1063), (1167