857 705 552 622 393 910 272 113 643 776 72 0 460 952 368 
368 955 294 587 93 425 700 500 776 47 110 171 222 0 339 
743 805 137 5 256 418 105 346 210 467 626 288 538 91 0 
662 291 23 260 0 196 222 43 896 367 113 339 594 643 929 
122 93 57 399 405 0 640 857 578 316 221 260 188 137 552 
72 261 503 294 751 0 156 66 337 215 392 416 958 572 233 
57 0 168 660 464 331 885 393 743 207 544 91 755 588 958 
256 157 127 748 615 794 875 348 416 383 565 28 351 10 971 
20 184 457 233 588 769 686 522 52 379 867 0 354 640 967 
484 66 214 791 286 885 0 700 157 538 20 37 967 368 615 
660 594 500 769 127 9 81 202 580 994 261 341 214 405 870 
351 439 902 419 969 769 145 460 0 196 15 272 484 708 580 
805 1019 686 168 42 894 105 0 354 221 319 425 517 418 769 
0 729 288 5 778 199 430 457 319 383 544 170 861 42 93 
379 567 199 81 708 622 867 110 430 517 196 286 37 483 0 
